# Conversion from single-index to double index of the first 100 Zernikes following Nolls notation 
#  j m n
1 0 0
2 1 1
3 -1 1
4 0 2
5 -2 2
6 2 2
7 -1 3
8 1 3
9 -3 3
10 3 3
11 0 4
12 2 4
13 -2 4
14 4 4
15 -4 4
16 1 5
17 -1 5
18 3 5
19 -3 5
20 5 5
21 -5 5
22 0 6
23 -2 6
24 2 6
25 -4 6
26 4 6
27 -6 6
28 6 6
29 -1 7
30 1 7
31 -3 7
32 3 7
33 -5 7
34 5 7
35 -7 7
36 7 7
37 0 8
38 2 8
39 -2 8
40 4 8
41 -4 8
42 6 8
43 -6 8
44 8 8
45 -8 8
46 1 9
47 -1 9
48 3 9
49 -3 9
50 5 9
51 -5 9
52 7 9
53 -7 9
54 9 9
55 -9 9
56 0 10
57 -2 10
58 2 10
59 -4 10
60 4 10
61 -6 10
62 6 10
63 -8 10
64 8 10
65 -10 10
66 10 10
67 -1 11
68 1 11
69 -3 11
70 3 11
71 -5 11
72 5 11
73 -7 11
74 7 11
75 -9 11
76 9 11
77 -11 11
78 11 11
79 0 12
80 2 12
81 -2 12
82 4 12
83 -4 12
84 6 12
85 -6 12
86 8 12
87 -8 12
88 10 12
89 -10 12
90 12 12
91 -12 12
92 1 13
93 -1 13
94 3 13
95 -3 13
96 5 13
97 -5 13
98 7 13
99 -7 13
100 9 13
